effort_Palpation_FS = [9
7
20
4
12
2
9
22];

effort_Palpation_GT = [7
4
16
3
12
2
0
24
];

effort_Palpation_U = [6
21
14
10
15
8
17
12
];

effort_String_FS =[-1
1
9
-2
4
4
17
10
];


effort_String_GT = [-2
-1
7
-2
4
3
1
5
];

effort_String_U = [12
17
13
23
7
4
10
20
];

