organFids0=[-5.9218,   -4.1196, -156.7071, -158.9100
    -125.1145, -123.5125 ,-130.7214, -132.1232
    -99.7621  ,-49.9015  ,-43.2935,  -92.7535]/1000;

organFids1=[13.8446,   14.1646, -138.6986, -138.6986
    -123.3166, -121.9166, -129.3218 ,-130.5234
    -97.6564,  -47.6764,  -46.6873,  -96.3477]/1000;

organFids2=[-12.1490,  -10.9475, -163.5351, -164.9368
    -124.7154, -123.1135, -131.3235, -132.7252
    -100.5626,  -50.7021,  -45.6960,  -95.5565]/1000;

organFids3=[-6.3406,   -6.7411, -159.5289, -159.1285
    -124.3149, -122.9131, -130.9230, -132.3247
    -95.7588,  -46.0985 , -46.2988 , -96.3596]/1000;

organFids4=[1.7201,    3.6621, -149.0987, -150.9008
    -124.3171, -122.6171, -129.7219, -131.3239
    -100.6410,  -50.7310,  -44.7080,  -94.1681]/1000;

organFids5=[-147.4867, -147.4867,    4.9399,    5.4929
    -128.5210, -130.1231, -123.3165, -121.8165
    -30.9081,  -80.7686,  -82.7482,  -32.7782]/1000;

organFids10=[-180.2004, -180.2004,  -29.0004,  -29.0004
    -152.7502, -152.7502, -132.3502, -132.3502
    -36.7997,  -86.7999,  -85.9998,  -35.9997]/1000;

organFids11=[-176.1678, -175.3617,  -23.7617,  -24.5617
    -151.1828, -151.7452, -132.1452, -132.5452
    -38.6400,  -89.0166,  -87.4166,  -37.8166]/1000;

organFids12=[-174.5719, -176.5140,  -24.9793,  -23.3544
    -151.9448, -151.9448, -133.1448, -132.7448
    -34.7450,  -84.7420,  -90.8061,  -41.1948]/1000;

organFids20=[-180.5290, -180.9290,  -29.3290,  -28.9290
    -151.5413, -151.1413, -133.1413, -133.5413
    -34.3596,  -83.9598,  -85.5598,  -35.5596]/1000;
organFids21=[-177.3647, -179.3647,  -28.1647,  -26.1647
    -151.9456, -151.9456, -132.7456, -132.7456
    -35.1770,  -84.7772,  -91.1772,  -41.1770]/1000;
organFids22=[-178.9059, -180.1058,  -28.5058,  -27.3058
    -151.1384, -151.1385, -133.9385, -133.9385
    -34.3875,  -84.3877,  -88.7877,  -38.7875]/1000;

